(8F10.4)   15 10 17all weeks 12-26                          Set   2
   13.5479  -12.7379   14.3457   13.6846   20.5731  -12.9383   -1.2082  -11.2465
   -2.9753     .0000     .7907     .9161   -2.8365   12.7807    4.5570   13.0535
   -6.5619
  -30.3126   -2.3152  -17.9229  -15.0683  -35.6002    1.1079  -10.0610   -9.1845
    1.9476     .0000    -.1670   -1.1008  -13.6662   16.9486   13.6697    4.3744
  -13.2893
   33.8956  -36.9680   15.8450   31.5277   -4.3723   -1.5918   13.3713   -2.0050
   -7.5212     .0000     .0684    -.3338   -3.0777   -3.3356   -1.0357   -5.3714
    7.0027
   13.0072    6.0759    2.6130   11.7681   23.1410   -1.7866    4.6371   29.5116
   14.9698     .0000    -.3213    -.7171   -5.1878    8.5728    5.8874   12.0301
   -8.0246
   -9.0704    9.8691   -7.1906  -15.3692    2.6862  -25.8105    -.4450    8.0276
     .6390     .0000     .2841     .9847    3.0734   -1.4094  -24.2774   -7.4362
   -1.9251
   67.8220  -26.3256  -35.9271  -22.9819    -.9448   15.3942  -11.6919   -4.9094
    1.3159     .0000    -.1043     .2581    7.0573   -9.3181    1.3810   -3.7318
    5.2225
  -17.1488   -3.6835   39.7299  -25.9630   -3.2870   20.3589  -13.3480  -13.8701
    -.8755     .0000    -.2057    -.3846    -.9016   -1.2143   -2.1972    2.8975
    2.1651
  -21.7100   41.4713  -41.3757    7.0474   -2.6254   12.9068   11.1546   -2.6638
  -11.3272     .0000     .3984     .1214    1.6494   -5.2811    8.2236    8.2115
   14.9839
  -25.2253    3.1063   24.4055    4.7498   -5.8211   -7.4208    7.8910   17.2321
   -9.6336     .0000    -.3652     .0755    7.0784   -6.9955    3.8551   -6.4726
    -.6627
  -24.8056   21.5076    5.4774   10.6048    6.2507    -.2198    -.2998  -10.8919
   13.4604     .0000    -.3782     .1804    6.8113  -10.7480  -10.0635  -17.5551
    1.0893
   26.8848   34.0947   12.4223   -7.8323   -5.2159     .7770    4.4399    3.2532
   -3.8333     .0000   -1.1361    -.1610    2.2571    9.8460  -24.7637    2.3094
  -31.1327
   26.7070   23.1149   11.1738  -11.0941   10.0512   14.1164   26.0742  -15.5862
    -.6223     .0000    -.1541     .7821   -3.1127   17.0294  -26.8149   -7.1133
  -31.9764
  -32.7971  -34.1877  -16.3863   14.7125  -15.2465   -1.9708   -3.6254  -12.9377
   -1.0448     .0000   -1.8821   -1.1491    4.7462    3.5926  -16.5094    5.6569
  -27.3897
  -27.5929  -35.5585  -28.6217   19.0371  -16.2328   14.4738  -21.3713   13.7922
   -2.8582     .0000     .2485    1.4450     .5625   12.2520  -32.1597   -8.6490
  -23.2714
   14.1267    7.8512  -18.6259    5.6471   27.7776   -3.4240   -3.1432    8.0157
  -10.0021     .0000   -1.3454   -1.5069   -7.2474    9.5725   -8.0311   -9.5886
  -26.0813
HEALTHCARE               
WAR                      
ABORTION                 
EDUCATION                
ECONOMY                  
GAY MARRIAGE             
IMMIGRATION              
ENERGY                   
UNEMPLOYMENT             
TAXES                    
OBAMA                    
BIDEN                    
MCCAIN                   
PALIN                    
YOURSELF                 
