(8F10.4)   15 10 17all weeks 12-26                          Set   1
   17.5876   -7.5034   16.7019   24.4669   37.8584  -20.9957   -1.7807  -15.1094
   -8.7524     .0000     .0000     .0185   -5.9321   22.5845    3.9177   26.9678
  -14.4092
  -51.4792    7.1958  -20.8782    2.5247  -49.6927    4.5585  -12.3998   -5.9922
    7.5026     .0000     .0000    -.0176  -14.5921   13.8766   19.9193   -6.3363
  -13.8556
   47.8635  -51.5969   22.4084   58.8060   -8.8966   13.1081   12.2146   -1.9885
   -1.5002     .0000     .0000     .1294   -5.3856   -9.0770  -10.7396  -29.8526
   19.6408
   10.7308    6.3291    2.9489   27.3326   10.6134   12.7579    -.7720   30.4311
    8.1857     .0000     .0000    -.0154    5.9611   14.8048   -1.9331   23.1209
  -12.2644
  -18.5085   27.1784  -17.3463  -30.2802    3.7012  -17.5028  -10.6091    9.0971
   -2.9151     .0000     .0000    -.0681   -5.9653    5.5762  -41.9354  -19.2461
    3.5419
  111.4196  -47.4478  -49.4271  -48.4365    6.6459    5.8369   -6.1471   -4.3198
    2.2595     .0000     .0000     .1185    3.6794    -.9939    9.3017   -1.6829
   -6.1417
  -27.2857    -.0942   61.6357  -26.8677   -1.3875   29.4905  -21.4917   -5.5490
   -4.1017     .0000     .0000    -.0008     .3198  -20.8724   -5.1071   18.9645
   -2.9401
  -32.9001   64.7648  -63.3696   15.9504    5.9387   15.0136    8.7588   -1.0542
  -10.8213     .0000     .0000    -.1612    6.2826   -8.1828   11.8250   -1.0956
   28.3724
  -26.5220  -11.2082   44.1085  -28.0436     .3014  -27.5715   16.3048   14.6655
   -3.6325     .0000     .0000     .0276    2.5491   -9.7686   27.3280  -18.2364
   -4.2325
  -30.9059   12.3826    3.2177    4.5474   -5.0822  -14.6956   15.9224  -20.1804
   13.7754     .0000     .0000    -.0308   13.0833   -7.9474  -12.5767    7.3966
    2.2885
   55.2503   38.8584  -19.0364   30.0282  -16.9881  -22.4202   -9.0883    4.8843
     .2910     .0000     .0000    -.0953   -6.4010  -37.4462    -.2860   16.4444
  -42.7693
   46.2916   48.8463   19.8315   -9.3411  -38.7899   13.4125   23.9498   -3.6467
   -6.2814     .0000     .0000    -.1199    3.8562   11.6633   -8.3105   -5.9059
  -72.0470
  -54.0024  -55.3678  -25.9187   26.6831   -5.5412   -4.7303  -22.9058    -.5969
   -5.7008     .0000     .0000     .1388   13.7513   -2.1519   -1.7216  -15.9010
  -63.8168
  -62.3029  -56.4242  -38.1560  -12.7310   17.9974   10.6042   31.0473    2.8973
    -.9158     .0000     .0000     .1400  -10.1483  -14.8059   -9.4611   16.9536
  -44.8515
    -.6506   49.5309    3.7515    5.2776   66.9350   12.7197   -3.5569   -4.4088
    6.9727     .0000     .0000    -.1231   -4.3435   -6.6040    7.8457  -30.8014
  -51.8591
HEALTHCARE               
WAR                      
ABORTION                 
EDUCATION                
ECONOMY                  
GAY MARRIAGE             
IMMIGRATION              
ENERGY                   
UNEMPLOYMENT             
TAXES                    
OBAMA                    
BIDEN                    
MCCAIN                   
PALIN                    
YOURSELF                 
