(8F10.4)   15 10 17all weeks 12-26                          Set   4
   22.9765   15.9409   16.2053   47.2920   28.6253  -13.2693    -.7078   -1.5837
  -23.3620     .0000    5.2835    7.8310    5.7133   26.6281   11.6824   27.9170
  -37.1644
  -36.5041  -18.5010  -41.4657  -15.4606  -42.7009   -2.7629    1.7692  -16.8119
   20.4067     .0000    -.6097    3.2711  -10.3260   31.8365   26.3202   16.3195
  -35.8488
   41.3488  -70.1059   45.5118   32.8703   -1.6621  -16.4682   19.6666  -24.5333
   12.9696     .0000   -4.4162   -6.4641  -15.4187   -9.9372    9.7406  -25.5701
   39.1659
   11.2869   -5.3165   -4.7470   -5.8672   22.0264    5.7511   -6.2087   43.7716
   22.1585     .0000  -14.2384  -22.1445  -39.3753    6.3041  -41.2669   16.6515
  -31.0811
  -37.6311   21.9972   20.0384   -4.9580   11.1715  -16.6290    8.5263   -2.4338
    7.5486     .0000    -.5781   -1.2924   17.3724   -5.8892  -39.8480  -19.7161
  -26.7955
   90.9577  -45.6341  -65.7555  -35.0118   -6.6861   28.8485  -21.3393    3.2975
   -4.7688     .0000   13.3597   16.1244   32.0410  -14.4185    5.2608  -12.2963
    8.4481
    1.9642  -26.9909   94.3357  -55.6104    5.1688   11.6316   -7.0022   -6.8653
    1.1255     .0000    7.0659    7.7342    5.1139   -7.0748   28.9154   26.3649
   38.4458
  -37.3451   82.2420  -76.9643   19.7697   -9.8792    5.4162    1.8522   -2.0941
  -20.5295     .0000    3.9062     .3628   -6.7959  -11.6975   27.4777   -1.3969
   66.9808
  -42.4160   29.2853   30.0449   -3.8297    -.9930    2.9060   -6.6363    9.6309
   -8.5754     .0000    -.6153   -1.1389    6.1486    -.6505  -21.2355  -40.6370
  -18.3197
  -14.6380   17.0830  -17.2037   20.8056   -5.0707   -5.4240   10.0799   -2.3779
   -6.9733     .0000   -9.1575   -4.2836    5.5265  -15.1009   -7.0468   12.3636
   -3.8311
   32.2120    3.7875    3.1013   14.4442  -39.2666   37.3130   16.2563  -44.5464
   -1.1105     .0000  -28.6317  -31.5056  -41.3599   14.9064  -44.1129   -9.3732
  -37.7341
   32.4347     .0679   -2.4241   -4.9608  -29.3112   21.0679   30.0016  -46.5920
  -24.4393     .0000  -22.7484  -29.4642  -23.7200   30.1235  -57.5372     .1526
  -25.2801
   14.7830   11.4359  -10.2976  -36.0950   20.9520   -6.5460  -16.4451   -1.1361
  -34.2096     .0000  -15.5243  -14.5339  -40.8267   12.0536    2.9874  -11.5607
  -35.7794
  -22.7302  -24.4589  -28.9473  -28.9932   24.6679  -36.7718  -52.6268   29.6512
   -5.8419     .0000  -39.0144  -42.0042  -37.6470   41.1366  -44.5509  -16.7016
   -9.4634
   33.0558   21.2974   30.0681    7.0450    6.8391   33.6279   30.4889    7.3021
   10.8349     .0000  -26.5204  -22.4547  -23.1252   44.2816    4.0354  -21.5050
   -7.4869
HEALTHCARE               
WAR                      
ABORTION                 
EDUCATION                
ECONOMY                  
GAY MARRIAGE             
IMMIGRATION              
ENERGY                   
UNEMPLOYMENT             
TAXES                    
OBAMA                    
BIDEN                    
MCCAIN                   
PALIN                    
YOURSELF                 
