(8F10.4)   15 10 17all weeks 12-26                          Set   7
   14.6568   -4.9520    8.5734   17.2081    9.7906  -12.2090  -12.7192   -3.5653
  -13.8273   -8.6699    6.7452   -1.8916    4.3833   -1.3143    5.3424   12.6708
    2.8338
  -13.8967    5.9282  -10.0737     .2244  -36.4993   -9.4709  -11.2607  -14.2557
   -2.5642  -12.7426   -1.0369     .0066  -12.3770   19.2289   -1.7274   -3.2382
   -7.2055
   12.4231  -23.8589   15.1245   31.2930   11.8741    2.8393   18.1525  -16.9034
   12.3300   -7.1991   -4.9508    2.0959   -3.1457    -.5360    -.2470   -6.9767
   -1.5107
   19.0596   10.0856    9.7823   13.0035     .4672   -6.6101     .2142   28.9961
   15.3162    -.5566    1.5586   -7.1456    2.4869   -4.8315  -10.0999    4.5186
    -.9717
  -21.5100    9.5129   -9.7544    1.7936    7.9856   11.7706  -17.8522   -7.8773
  -11.9256  -15.7916     .6727   -6.7799    6.6178   -9.4445  -14.8398   -1.0242
     .9027
   37.7281  -23.7843  -22.4692  -22.9830   -4.8798   21.7288   -4.3418    1.2866
   -5.1678   16.3150  -10.2727    5.2105   -3.2204   -9.2061    5.6297   -9.7281
    -.4408
   -4.1954   -3.4391   21.4164  -29.1063    8.5650    -.6637    9.0294   -8.4827
    3.2516   -1.1232    2.1902    5.2914   -2.3657    8.8341    9.7701     .5782
     .7317
  -17.4542   15.5134  -32.0748   -5.4293    8.1701   -7.7271    9.3659    4.9202
    9.0477   -1.0376    7.1420     .5774    3.8894    1.4436    8.7919   11.5682
    3.3887
  -18.1025    -.9074   10.8448  -10.9585    4.1407   -1.2076  -10.3816   19.8907
    1.8700    9.2483   -4.7090    8.5318    -.8644    1.0604    6.3623  -12.3432
    1.6804
   -8.7087   15.9016    8.6307    4.9545   -9.6141    1.5499   19.7935   -4.0093
   -8.3306   21.5573    2.6607   -5.8965    4.5957   -5.2346   -8.9824    3.9746
     .5914
   15.1569    6.0975   -5.8709    7.4690   36.6731   10.9197    1.1906   15.1392
   -4.3139   14.7513    4.8520    2.3175   -9.5865   27.9404   -1.0027   -3.7382
   -5.0191
   13.8793    9.5261   -2.8031    3.0705   10.1716    3.6971  -15.1455  -13.8316
   13.6185   18.7111   10.9421    8.0228    8.8207   10.9854    8.4848    -.6238
    7.5779
    5.1158   -5.3016   -7.1673    5.7841  -17.8117  -10.4666   13.7136    4.5482
   -9.0075  -18.1886    7.5724    6.9347    8.0519   10.9184   -1.0275   -9.7948
    5.8504
   -1.4998   -9.6225    6.8049   18.4872  -22.7567   22.5618    1.4008   10.7472
  -12.4894   -9.7334   10.8075    5.3047    2.9759   12.7698   13.9082    9.4345
    4.3597
  -13.4631   34.0826    -.3052   31.3292    2.3128   -9.8079    1.0210    4.3954
   -7.0237  -11.2295  -12.7597   14.5277   -6.8443   -2.2201   17.4552  -17.2197
     .4560
HEALTHCARE               
WAR                      
ABORTION                 
EDUCATION                
ECONOMY                  
GAY MARRIAGE             
IMMIGRATION              
ENERGY                   
UNEMPLOYMENT             
TAXES                    
OBAMA                    
BIDEN                    
MCCAIN                   
PALIN                    
YOURSELF                 
